   2.2800574e-01   6.5054311e-01   5.2658022e-02   0.0000000e+00   1.2145115e-01   0.0000000e+00   0.0000000e+00   0.0000000e+00   0.0000000e+00
   2.1484952e-01   6.6582247e-01   4.6982182e-02   0.0000000e+00   1.1932801e-01   0.0000000e+00   0.0000000e+00   0.0000000e+00   0.0000000e+00
   2.5197110e-01   6.3828063e-01   6.4645690e-02   1.9510404e-02   9.0237863e-02   0.0000000e+00   0.0000000e+00   0.0000000e+00   0.0000000e+00
   1.9172217e-01   6.9929031e-01   6.2520094e-02   0.0000000e+00   1.0898751e-01   0.0000000e+00   0.0000000e+00   0.0000000e+00   0.0000000e+00
   2.5298759e-01   6.3006557e-01   6.6680032e-02   2.9181772e-02   8.7765067e-02   0.0000000e+00   0.0000000e+00   0.0000000e+00   0.0000000e+00
   2.2848377e-01   6.6379950e-01   5.5940337e-02   0.0000000e+00   9.2538819e-02   0.0000000e+00   0.0000000e+00   0.0000000e+00   0.0000000e+00
   2.3243649e-01   6.8983973e-01   9.2062406e-02   0.0000000e+00   7.6741692e-02   0.0000000e+00   0.0000000e+00   0.0000000e+00   0.0000000e+00
   2.2481191e-01   6.6398005e-01   7.9531183e-02   0.0000000e+00   8.6481367e-02   0.0000000e+00   0.0000000e+00   0.0000000e+00   0.0000000e+00
   2.0848325e-01   6.8465486e-01   3.9210108e-02   0.0000000e+00   1.0686190e-01   0.0000000e+00   0.0000000e+00   0.0000000e+00   0.0000000e+00
   2.2631495e-01   6.7290030e-01   5.3475259e-02   0.0000000e+00   1.0078475e-01   0.0000000e+00   0.0000000e+00   0.0000000e+00   0.0000000e+00
