   3.2517457e-01   1.6051626e-01   4.5111840e-01   0.0000000e+00   3.2222828e-02   0.0000000e+00   6.8192124e-02   0.0000000e+00   0.0000000e+00
   2.5929806e-01   1.8623022e-01   4.3458163e-01   0.0000000e+00   5.4763441e-02   0.0000000e+00   6.5126649e-02   0.0000000e+00   0.0000000e+00
   2.7619076e-01   1.9232369e-01   4.5637726e-01   0.0000000e+00   2.9149384e-02   0.0000000e+00   7.1342193e-02   0.0000000e+00   0.0000000e+00
   2.8438411e-01   2.1172816e-01   4.5459177e-01   0.0000000e+00   4.1098060e-02   0.0000000e+00   5.3608958e-02   0.0000000e+00   0.0000000e+00
   2.1823961e-01   2.2576348e-01   4.1948066e-01   0.0000000e+00   5.8578239e-02   0.0000000e+00   7.7938017e-02   0.0000000e+00   0.0000000e+00
   2.4715792e-01   2.6338149e-01   4.5728902e-01   0.0000000e+00   4.2596788e-02   0.0000000e+00   4.9000037e-02   0.0000000e+00   0.0000000e+00
   2.3573492e-01   2.4385467e-01   4.4152548e-01   0.0000000e+00   0.0000000e+00   0.0000000e+00   7.8884937e-02   0.0000000e+00   0.0000000e+00
   2.1844618e-01   2.6525735e-01   4.4893605e-01   0.0000000e+00   4.4175702e-02   0.0000000e+00   5.8494309e-02   0.0000000e+00   0.0000000e+00
   3.2597133e-01   1.7782876e-01   4.1967945e-01   0.0000000e+00   5.1989151e-02   0.0000000e+00   5.7949960e-02   0.0000000e+00   0.0000000e+00
   2.7799277e-01   2.0703962e-01   4.4261973e-01   0.0000000e+00   2.8345360e-02   0.0000000e+00   6.6496251e-02   0.0000000e+00   0.0000000e+00
