   0.0000000e+00   0.0000000e+00   8.3828145e-01   0.0000000e+00   0.0000000e+00   0.0000000e+00   1.6171855e-01   0.0000000e+00   0.0000000e+00
   0.0000000e+00   0.0000000e+00   8.4180946e-01   0.0000000e+00   0.0000000e+00   0.0000000e+00   1.5819054e-01   0.0000000e+00   0.0000000e+00
   0.0000000e+00   0.0000000e+00   8.5420761e-01   0.0000000e+00   0.0000000e+00   0.0000000e+00   1.4579239e-01   0.0000000e+00   0.0000000e+00
   0.0000000e+00   0.0000000e+00   8.4850070e-01   0.0000000e+00   0.0000000e+00   0.0000000e+00   1.5149930e-01   0.0000000e+00   0.0000000e+00
   0.0000000e+00   0.0000000e+00   8.3090110e-01   0.0000000e+00   0.0000000e+00   0.0000000e+00   1.6909890e-01   0.0000000e+00   0.0000000e+00
   0.0000000e+00   0.0000000e+00   8.4518267e-01   0.0000000e+00   0.0000000e+00   0.0000000e+00   1.5481733e-01   0.0000000e+00   0.0000000e+00
   0.0000000e+00   0.0000000e+00   8.3836794e-01   0.0000000e+00   0.0000000e+00   0.0000000e+00   1.6163206e-01   0.0000000e+00   0.0000000e+00
   0.0000000e+00   0.0000000e+00   8.4522396e-01   0.0000000e+00   0.0000000e+00   0.0000000e+00   1.5477604e-01   0.0000000e+00   0.0000000e+00
   0.0000000e+00   0.0000000e+00   8.4415477e-01   0.0000000e+00   0.0000000e+00   0.0000000e+00   1.5584523e-01   0.0000000e+00   0.0000000e+00
   0.0000000e+00   0.0000000e+00   8.4983977e-01   0.0000000e+00   0.0000000e+00   0.0000000e+00   1.5016023e-01   0.0000000e+00   0.0000000e+00
