   1.7534772e-01   6.5054311e-01   0.0000000e+00   0.0000000e+00   1.2145115e-01   0.0000000e+00   0.0000000e+00   0.0000000e+00   0.0000000e+00
   1.6786734e-01   6.6582247e-01   0.0000000e+00   0.0000000e+00   1.1932801e-01   0.0000000e+00   0.0000000e+00   0.0000000e+00   0.0000000e+00
   1.8732541e-01   6.3828063e-01   0.0000000e+00   1.9510404e-02   9.0237863e-02   0.0000000e+00   0.0000000e+00   0.0000000e+00   0.0000000e+00
   1.5026499e-01   6.7822740e-01   0.0000000e+00   0.0000000e+00   1.0898751e-01   0.0000000e+00   0.0000000e+00   0.0000000e+00   0.0000000e+00
   1.8630756e-01   6.3006557e-01   0.0000000e+00   2.9181772e-02   8.7765067e-02   0.0000000e+00   0.0000000e+00   0.0000000e+00   0.0000000e+00
   1.8772134e-01   6.6379950e-01   1.5177913e-02   0.0000000e+00   9.2538819e-02   0.0000000e+00   0.0000000e+00   0.0000000e+00   0.0000000e+00
   1.6748699e-01   6.6370891e-01   1.3420173e-02   0.0000000e+00   6.4303609e-02   0.0000000e+00   0.0000000e+00   0.0000000e+00   0.0000000e+00
   1.7000741e-01   6.6398005e-01   2.4726681e-02   0.0000000e+00   8.6481367e-02   0.0000000e+00   0.0000000e+00   0.0000000e+00   0.0000000e+00
   1.6927314e-01   6.8465486e-01   0.0000000e+00   0.0000000e+00   1.0686190e-01   0.0000000e+00   0.0000000e+00   0.0000000e+00   0.0000000e+00
   1.7283969e-01   6.7290030e-01   0.0000000e+00   0.0000000e+00   1.0078475e-01   0.0000000e+00   0.0000000e+00   0.0000000e+00   0.0000000e+00
