   2.3587946e-01   1.7206102e-01   4.8301791e-01   0.0000000e+00   0.0000000e+00   3.9111837e-02   5.7007595e-02   1.2922183e-02   0.0000000e+00
   2.4982349e-01   1.8543177e-01   4.6912334e-01   0.0000000e+00   0.0000000e+00   3.0097312e-02   6.5524087e-02   0.0000000e+00   0.0000000e+00
   2.5584593e-01   1.6631633e-01   4.6343644e-01   0.0000000e+00   8.0636490e-03   3.8259920e-02   5.6816788e-02   1.1260951e-02   0.0000000e+00
   2.5526882e-01   1.8648522e-01   4.6406902e-01   0.0000000e+00   0.0000000e+00   2.8138747e-02   6.6038197e-02   0.0000000e+00   0.0000000e+00
   2.5033905e-01   1.8006178e-01   4.8308907e-01   0.0000000e+00   9.7839455e-03   2.8354884e-02   4.8371265e-02   0.0000000e+00   0.0000000e+00
   2.4384033e-01   1.8121163e-01   4.8025443e-01   0.0000000e+00   0.0000000e+00   3.1494739e-02   6.3198875e-02   0.0000000e+00   0.0000000e+00
   2.5477985e-01   1.6797380e-01   4.6093666e-01   0.0000000e+00   9.8177505e-03   3.4876795e-02   6.2136321e-02   9.4788191e-03   0.0000000e+00
   2.5723904e-01   1.9119878e-01   4.6867621e-01   0.0000000e+00   0.0000000e+00   2.5485978e-02   5.7399994e-02   0.0000000e+00   0.0000000e+00
   2.4733508e-01   1.7893239e-01   4.6881093e-01   0.0000000e+00   0.0000000e+00   3.8102889e-02   5.2012101e-02   1.4806611e-02   0.0000000e+00
   2.5398387e-01   1.8434287e-01   4.6857528e-01   0.0000000e+00   0.0000000e+00   3.1269751e-02   5.1587519e-02   1.0240705e-02   0.0000000e+00
