   2.8795039e-01   1.6051626e-01   4.1389421e-01   0.0000000e+00   3.2222828e-02   0.0000000e+00   6.8192124e-02   0.0000000e+00   0.0000000e+00
   2.5929806e-01   1.8623022e-01   4.3458163e-01   0.0000000e+00   5.4763441e-02   0.0000000e+00   6.5126649e-02   0.0000000e+00   0.0000000e+00
   2.5080748e-01   1.9232369e-01   4.3099397e-01   0.0000000e+00   2.9149384e-02   0.0000000e+00   7.1342193e-02   0.0000000e+00   0.0000000e+00
   2.5717045e-01   1.9353076e-01   4.0918071e-01   0.0000000e+00   4.1098060e-02   0.0000000e+00   5.3608958e-02   0.0000000e+00   0.0000000e+00
   2.1823961e-01   2.2576348e-01   4.1948066e-01   0.0000000e+00   5.8578239e-02   0.0000000e+00   7.7938017e-02   0.0000000e+00   0.0000000e+00
   2.2717907e-01   2.2393509e-01   3.9786377e-01   0.0000000e+00   4.2596788e-02   0.0000000e+00   4.9000037e-02   0.0000000e+00   0.0000000e+00
   2.3573492e-01   2.4385467e-01   4.4152548e-01   0.0000000e+00   0.0000000e+00   0.0000000e+00   7.8884937e-02   0.0000000e+00   0.0000000e+00
   2.1844618e-01   2.2994776e-01   4.1362646e-01   0.0000000e+00   4.4175702e-02   0.0000000e+00   5.8494309e-02   0.0000000e+00   0.0000000e+00
   2.9255268e-01   1.7782876e-01   3.8626080e-01   0.0000000e+00   5.1989151e-02   0.0000000e+00   5.7949960e-02   0.0000000e+00   0.0000000e+00
   2.5549904e-01   2.0703962e-01   4.2012600e-01   0.0000000e+00   2.8345360e-02   0.0000000e+00   6.6496251e-02   0.0000000e+00   0.0000000e+00
